x =

   3568
  -1760
  -1392
   -144
    -32
   -160
    864
    864
    896
   1104
    832
    512
    432
     16
    608
    848
    528
    336
    336
    512
    416
    384
    400
    560
    736
    752
    544
    304
    304
    432
    432
    400
    496
    448
    400
    512
    896
    384
    288
   1232
   1456
   1504
    864
    496
    160
    256
    112
    576
    544
    592
    816
    896
    736
    672
    144
    336
    720
    608
    560
    432
    432
    432
    560
    416
    448
    368
    512
    624
    592
    464
    320
    240
    128
     32
     64
    320
    368
    368
    432
    464
    496
    464
    608
    352
    416
    512
    480
    480
    464
    384
    416
    400
    336
  -1072
   -784
    752
   1056
   1168
    864
    656
    272
      0
    304
    560
    496
    512
    576
    624
    496
    464
    336
    352
    400
    256
    320
    336
    496
    544
    672
    448
    288
    448
    400
    384
    448
    464
    480
    464
    448
    400
    432
    528
    496
    400
    416
    464
    432
    432
    288
    608
    608
    528
    352
    368
    736
    528
    576
    544
    720
    496
    432
    336
    384
    352
    432
    480
    512
    448
    368
    384
    400
    528
    448
    496
    576
    496
    512
    672
    512
    432
    544
    528
    608
    416
    416
    496
    432
    400
    464
    368
    464
    400
    288
    288
    256
    352
    400
    416
    528
    480
    464
    544
    368
    592
    416
    480
    576
    400
    464
    384
    336
    448
    352
    512
    576
    448
    368
    384
    448
    400
    448
    416
    448
    320
    448
    480
    400
    464
    512
    528
    496
    432
    448
    496
    464
    320
    384
    416
    304
    352
    432
    448
    432
    528
    448
    544
    544
    496
    480
    384
    320
    416
    288
    384
    432
    432
    384
    448
    464
    432
    384
    480
    352
    432
    448
    464

y =

   16096
   16512
   16048
   16176
   16144
   16208
   16144
   16080
   16160
   16160
   16144
   16176
   16176
   16192
   16288
   16320
   16240
   16192
   16272
   16224
   16272
   16240
   16224
   16272
   16224
   16192
   16192
   16144
   16192
   16160
   16176
   16208
   16224
   16224
   16192
   16176
   15664
   15008
   15456
   15568
   15936
   16320
   16272
   16368
   16448
   16288
   16160
   16192
   16208
   16176
   16176
   16208
   16240
   16224
   16144
   16128
   16160
   16128
   16176
   16176
   16176
   16192
   16208
   16160
   16240
   16288
   16256
   16048
   16240
   16304
   16128
   16192
   16128
   16160
   16224
   16128
   16144
   16112
   16144
   16192
   16144
   16112
   16208
   16256
   16240
   16192
   16224
   16208
   16224
   16208
   16176
   16176
   16144
   16224
   16128
   15952
   16144
   16160
   16208
   16224
   16272
   16192
   16224
   16160
   16128
   16128
   16144
   16144
   16240
   16160
   16208
   16256
   16176
   16160
   16144
   16224
   16160
   16192
   16240
   16288
   16288
   16240
   16224
   16224
   16208
   16192
   16128
   16144
   16176
   16208
   16208
   16240
   16224
   16160
   16176
   16192
   16192
   16160
   16224
   16272
   16224
   16144
   16144
   16160
   16256
   16208
   16256
   16224
   16176
   16368
   16304
   16224
   16224
   16192
   16208
   16176
   16128
   16144
   16192
   16176
   16176
   16160
   16192
   16176
   16128
   16144
   16208
   16144
   16176
   16144
   16160
   16144
   16176
   16208
   16224
   16160
   16128
   16096
   16128
   16224
   16192
   16192
   16224
   16208
   16192
   16192
   16176
   16144
   16160
   16176
   16176
   16224
   16256
   16208
   16192
   16192
   16208
   16144
   16224
   16208
   16208
   16240
   16192
   16208
   16240
   16256
   16256
   16240
   16240
   16224
   16208
   16176
   16208
   16144
   16176
   16160
   16176
   16176
   16192
   16080
   16144
   16208
   16256
   16208
   16192
   16208
   16176
   16240
   16304
   16256
   16128
   16112
   16096
   16112
   16208
   16144
   16176
   16176
   16240
   16256
   16192
   16144
   16240
   16256
   16192
   16192
   16224
   16240
   16240
   16208
   16240
   16304
   16240
   16160
   16208
   16176

z =

  -4272
   1664
   1584
    816
   1184
   1568
   1552
    864
    576
   1088
   1712
   1712
    304
   -496
  -1072
  -1840
  -2096
  -1984
  -1488
   -592
    -32
    192
    400
    592
    592
    944
   1024
   1232
    928
    608
    288
    -16
     64
    272
    576
    528
    384
   1904
    992
     16
   -656
   -656
  -1328
  -1312
   -720
   -240
     64
   -288
   -240
    144
    240
    880
    880
   1072
    912
    336
     32
   -160
   -272
   -496
   -128
   -336
    -80
   -144
   -288
    -96
   -224
    -48
     80
    128
    432
    432
    576
    816
   1056
    944
   1008
    592
    672
    640
    304
    352
    176
    112
   -208
   -320
   -496
   -720
   -496
   -320
   -448
    176
    480
   2432
   2432
    704
    448
    -64
   -512
   -640
   -112
     96
     96
   -192
   -336
   -288
    288
    464
    448
    288
    384
   -176
   -176
    -80
    112
   -192
   -272
   -288
   -192
     96
    192
    224
    112
    208
     48
    128
    128
     80
    224
     48
    128
     96
    224
    400
    336
    240
    368
    240
     16
     80
    176
    144
    432
    432
     96
      0
     96
     48
     48
     32
    160
    160
     64
     80
     80
    208
    160
    -32
   -112
   -144
     32
    144
     96
     96
    144
    160
    112
    256
     64
     64
     32
     64
    160
    128
     16
    144
    112
    240
    208
    208
    -96
    -16
     16
    -64
     32
    112
    -48
   -144
    -80
     16
     80
    224
    128
    192
     64
     80
    176
    272
   -112
    144
    144
     32
     32
    176
     64
    128
     96
    112
    192
    144
     80
     80
     48
    240
    144
    336
    -32
     48
    304
    176
    160
    288
    144
     80
    -48
     32
     16
     80
    -80
     64
     48
    400
    288
     64
     48
    -96
    -48
     80
   -144
    192
    256
    224
     48
    176
     48
      0
     64
    128
     32
    128
     64
    112
    160
    240
    288
    144

