# Created by Octave 3.8.2, Mon Dec 05 13:09:09 2016 CET <santhosn@lnxsanthosn>
# name: r
# type: matrix
# rows: 32
# columns: 8
 5 5 6 -5 36 35 30 39
 29 27 29 29 13 12 -0 -0
 4 -1 -1 5 5 -1 -1 -5
 -3 -3 1 -5 1 -2 -2 2
 2 -2 1 1 -2 2 -1 -1
 1 1 1 2 2 -0 1 1
 1 1 1 0 0 1 1 -0
 1 1 0 2 1 1 1 2
 2 1 1 1 1 1 2 1
 1 2 2 1 0 1 1 1
 1 2 2 2 1 1 1 0
 0 0 0 1 1 1 0 0
 1 0 0 0 0 0 1 1
 1 1 0 0 1 1 1 1
 1 1 1 1 1 0 1 0
 0 2 2 2 1 1 1 1
 2 2 1 0 1 1 1 1
 1 1 1 1 0 0 1 1
 1 1 -0 1 1 1 1 0
 0 0 1 1 2 2 2 3
 2 1 1 0 1 1 2 1
 0 1 1 1 1 1 1 0
 -0 -1 -1 1 1 0 0 1
 1 2 0 0 0 1 1 1
 1 1 1 0 0 1 0 0
 1 1 1 2 2 2 2 2
 2 1 2 2 1 1 1 1
 1 1 2 2 1 2 1 1
 1 1 0 1 2 1 1 1
 1 1 1 0 1 1 1 1
 0 1 1 1 1 1 2 2
 1 0 0 0 1 1 1 1


